000000000000000000000000000000000000000000000000000
000000000000000000000000000000000000000000000000000
000000000000000000000000000022000000000000000000000
000000000000000000000000002222200000000000000000000
000000000000000000000000002222220000000000000000000
000000000000000000000000022222222000000000000000000
000000000000000000000000022222222200000000000000000
000000000000000000000000222222222220000000000000000
000000000000000000000000222222222220000000000000000
000000000000000000000000000002000002000000000000000
000000000000000000000000000002000000000000000000000
000000000000000000000000002202000000000000000000000
000000000000000000000000222202000000000000000000000
000000000000000000000002222202000000000000000000000
000000000000000002000002222202000000000000000000000
000000000000000000000000000000000000000000000000000
000000000000000002000022222202000000000000000000000
000000000000000002000022222202000000000000000000000
000000000000000002200222220002000000000000000000000
000000000000000000202222000002000000000000000000000
000000000000000000222222000002022222020000000000000
000000000000000000222222222222220000022000000000000
000000000000000000200000000000000000022000000000000
000000000000000000200000000000000000020000000000000
000000000000000000200000000000000002020000000000000
000000000000000000200000000000000222000000000000000
000000000000000000220002222222222200000000000000000
000000000000000000022222000000000000000000000000000
000000000000000000000000000000000000000000000000000
000000000000000000000000000000000000000000000000000
000000000000000000000000000000000000000000000000000
000000000000000000000000000000000000000000000000000
000000000000000000000000000000000000000000000000000
000000000000000000000000000000000000000000000000000
000000000000000000000000000000000000000000000000000
000000000000000000000000000000000000000000000000000
000000000000000000000000000000000000000000000000000
000000000000000000000000000000000000000000000000000
000000000000000000000000000000000000000000000000000
000000000000000000000000000000000000000000000000000
000000000000000000000000000000000000000000000000000
000000000000000000000000000000000000000000000000000
000000000000000000000000000000000000000000000000000
000000000000000000000000000000000000000000000000000
000000000000000000000000000000000000000000000000000
000000000000000000000000000000000000000000000000000
000000000000000000000000000000000000000000000000000
000000000000000000000000000000000000000000000000000
000000000000000000000000000000000000000000000000000
000000000000000000000000000000000000000000000000000