020000000000000000000000000000000000000000000000000
000000000000000000000000000000000000000000000000000
020000000000000000000000000000000000000000000000000
020000000000000000000000000000000000000000000000000
020000000000000000000000000000000000000000000000000
020000000000000000000000000000000000000000000000000
020000000000000000000000000000000000000000000000000
020000000000000000000000000000000000000000000000000
020000000000000000000000000000000000000000000000000
020000000000000000000000000000000000000000000000000
020000000000000000000000000000000000000000000000000
020000000000000000000000000000000000000000000000000
020000000000000000000000000000000000000000000000000
020000000000000000000000000000000000000000000000000
020000000000000000000000000000000000000000000000000
020000000000000000000000000000000000000000000000000
020000000000000000000000000000000000000000000000000
000000000000000000000000000000000000000000000000000
020000000000000000000000000000000000000000000000000
020000000000000000000000000000000000000000000000000
020000000000000000000000000000000000000000000000000
020000000000000000000000000000000000000000000000000
020000000000000000000000000000000000000000000000000
020000000000000000000000000000000000000000000000000
020000000000000000000000000000000000000000000000000
020000000000000000000000000000000000000000000000000
020000000000000000000000000000000000000000000000000
020000000000000000000000000000000000000000000000000
020000000000000000000000000000000000000000000000000
020000000000000000000000000000000000000000000000000
020000000000000000000000000000000000000000000000000
020000000000000000000000000000000000000000000000000
000000000000000000000000000000000000000000000000000
020000000000000000000000000000000000000000000000000
020000000000000000000000000000000000000000000000000
020000000000000000000000000000000000000000000000000
020000000000000000000000000000000000000000000000000
020000000000000000000000000000000000000000000000000
020000000000000000000000000000000000000000000000000
020000000000000000000000000000000000000000000000000
020000000000000000000000000000000000000000000000000
020000000000000000000000000000000000000000000000000
020000000000000000000000000000000000000000000000000
020000000000000000000000000000000000000000000000000
020000000000000000000000000000000000000000000000000
020000000000000000000000000000000000000000000000000
020000000000000000000000000000000000000000000000000
020000000000000000000000000000000000000000000000000
020000000000000000000000000000000000000000000000000
000000000000000000000000000000000000000000000000000