222202000000000000000000000000000000000000000000000
202000002222222002202020200002000200000000000000000
202000000022020020200200022002020202002022022022220
202000000000020000020020000000000000000000002000002
202200000000000002200000020020000000000000000020000
202000000000000022202220220020022020000000000022000
202200000000000000002002000020002000002022002020000
202000000000000000000000000200200020022002222202220
202200000000000000000000000000020022002202222020222
202000000000002022200202000200022000020020222000000
202200000000000000022020200220202200020002000200000
220000000000000002222220220000000000020000000000020
200000000000020000000020000022000200020020022200000
220200000020000000022222222022020220020220022200000
220200002000000020202000000200020002000202200000000
000000000000000000000000000000000000000000000000000
200200200000000020000000000000000000000000000000020
220202202002000002220202022000200022000202020202022
220202220000000000000020000200000000000000002000200
222002000002002020222222000202002200002002000000000
220202220002000020020200002020000200002200000000000
220200020202022022222222200200000000002000200020000
202020202220202022000202220220000000000022000000020
220202000000022020222222222222222220022200002200002
220200000002222022222222202000220222002202020000020
220200000022202022202222222220200222020202222222220
200200222222222022222222222000022002002200202200000
220002220202222002220222222222222222002222222200000
220022002022220022222222222222220220022002222222002
220020000202222022222222020222022022022222222002000
220020000002222022222222200020022000000200202222000
000000000000000000000000000000000000000000000000000
220220000222000022222222020002022000000000000000000
220002002202022022220200220002020200020222222200000
200002022202022020220000202000020002022220020000000
220002200222222022020220202222220220022022000000000
220002000022222022222220200222200202022220200000000
220002222220220002020202020202222222022222202202200
222222202200022022222020002002220202022002022002200
222022000202002022222020222222020022020022200000000
220002020000222022222222222222222200020020000000000
220000020002222002202222000202220000000220000000000
220000000020022022222200000000000000000000000000000
220000000220222022002000202000200000000000000000000
200000000022022000020200022002220002002200200020200
222200002202220000200020002000000022022002202022002
222200002222202000220000000020200000000000000000000
220022222022000020000020002000000200000000000000000
000000000000000000000000000000000000000000000000000
000000000000000000000000000000000000000000000000000