000000000000000000000000000000000000000000000000000
000000000000000000000000000000000000000000000000000
000000000000000000000000000000000000000000000000000
000000000000000000000000000000000000000000000000000
000000000000000000000000000000000000000000000000000
000000000000000000000000000000000000000000000000000
000000000000000000000000000000000000000000000000000
000000000000000000000000000000000000000000000000000
000000000000000000000000000000000000000000000000000
000000000000000000000000000000000000000000000000000
000000000000000000000000000000000000000000000000000
000000000000000000000000000000000000000000000000000
000000000000000000000000000000000000000000000000000
000000000000000000000000000000000000000000000000000
000000000000000002200000000000000000000000000000000
000000000000000000000000000000000000000000000000000
000000000000000002000000000000000000000000000000000
000000000000000002000000000000000000000000000000000
000000000000000002000000000000000000000000000000000
000000000000000000200000000000000000000000000000000
000000000000000000200000000000000000000000000000000
000000000000000000020000000000000000000000000000000
000000000000000000002000000000000000000000000000000
000000000000000000000200000000000000000000000000000
000000000000000000000000000000000000000000000000000
000000000000000000000020000000000000000000000000000
000000000000000000000000200000000000000000000000000
000000000000000000000000002000000000000200000000000
000000000000000000000000000020200000022000000000000
000000000000000000000000000000020222020000000000000
000000000000000000000000000000000000000000000000000
000000000000000000000000000000000000000000000000000
000000000000000000000000000000000000000000000000000
000000000000000000000000000000000000000000000000000
000000000000000000000000000000000000000000000000000
000000000000000000000000000000000000000000000000000
000000000000000000000000000000000000000000000000000
000000000000000000000000000000000000000000000000000
000000000000000000000000000000000000000000000000000
000000000000000000000000000000000000000000000000000
000000000000000000000000000000000000000000000000000
000000000000000000000000000000000000000000000000000
000000000000000000000000000000000000000000000000000
000000000000000000000000000000000000000000000000000
000000000000000000000000000000000000000000000000000
000000000000000000000000000000000000000000000000000
000000000000000000000000000000000000000000000000000
000000000000000000000000000000000000000000000000000
000000000000000000000000000000000000000000000000000
000000000000000000000000000000000000000000000000000