000000000000000000000000000000000000000000000000000
000000000000000000000000000000000000000000000000000
000000000000000000000000000000000000000000000000000
000000000000000000000000000000000000000000000000000
000000000000000000000000000000000000000000000000000
000000000000000000000000000000000000000000000000000
000000000000000000000000000000000000000000000000000
000000000000000000000000000000000000000000000000000
000000000000000000000000000000000000000000000000000
000000000000000000000000000000000000000000000000000
000000000000000000000000000000000000000000000000000
000000000000000000000000000000000000000000000000000
000000000000000000000000000000000000000000000000000
000000000000000000000000000000000000000000000000000
000000000222222020202222222222220000000000000000000
000000000000000000000000000000000000000000000000000
000000000220000000000000000000022000000000000000000
000000002220000000000000200000002000000000000000000
000000002020002022222002200000002200000000000000000
000000002022002002002220200000000200000000000000000
000000002202002002000200000000000200000000000000000
000000000222222002202200200002222220000000000000000
000000000022022022222220202220000000000000022222000
000000000002202020222000200000222220022022000002000
000000000000022020220002200000200000000020000002000
000000000000002022200002000000220000000020000002000
000000000000000000000002000000020000000020000002000
000000000000000000000002000000022000000020000002200
000020000000000000000002000000002002022020000200200
000020000002222000000002000000002000000022222200200
000020000002000000000002200000002000000020000000200
000000000000000000000000000000000000000000000000000
000020000002000000000000200000002000000200000000200
000020000002000000000000200000002000000200000000200
000020000022000000000000220222222000000000000000200
000020000020000000000000020000022220022222022000200
000022222020000000000000020000200000000000000222200
000000000222222020000000022002200000000000000000200
000000000020000020000000002220000000000000000000000
000000000020000020000000002200000000000000000000000
000000000020000020000000000000000000000000000000000
000000000020000020000000000000000000000000000000000
000000000020000020000000000000000000000000000000000
000000000020000002000000000000000000000000000000000
000022222220000002000000000000000000000000000000000
000000000000000000000000000000000000000000000000000
000000000000000000000000000000000000000000000000000
000000000000000000000000000000000000000000000000000
000000000000000000000000000000000000000000000000000
000000000000000000000000000000000000000000000000000