222200000000000000000000000000000000000000000000000
222200000000000000000000000000000000000000000000000
222200000000000000000000000000000000000000000000000
222200000000000000000000000000000000000000000000000
222200000000000000000000000000000000000000000000000
222200000000000000000000000000000000000000000000000
222200000000000000000000000000000000000000000000000
222200000000000000000000000000000000000000000000000
000000000000000000000000000000000000000000000000000
222200000000000000000000000000000000000000000000000
222200000000000000000000000000000000000000000000000
222200000000000000000000000000000000000000000000000
222200000000000000000000000000000000000000000000000
222200000000000000000000000000000000000000000000000
222200000000000000000000000000000000000000000000000
222200000000000000000000000000000000000000000000000
222200000000000000000000000000000000000000000000000
222200000000000000000000000000000000000000000000000
222200000000000000000000000000000000000000000000000
222200000000000000000000000000000000000000000000000
222200000000000000000000000000000000000000000000000
222200000000000000000000000000000000000000000000000
222200000000000000000000000000000000000000000000000
222200000000000000000000000000000000000000000000000
000000000000000000000000000000000000000000000000000
222200000000000000000000000000000000000000000000000
222200000000000000000000000000000000000000000000000
222200000000000000000000000000000000000000000000000
222200000000000000000000000000000000000000000000000
222200000000000000000000000000000000000000000000000
222200000000000000000000000000000000000000000000000
222200000000000000000000000000000000000000000000000
222200000000000000000000000000000000000000000000000
222200000000000000000000000000000000000000000000000
222200000000000000000000000000000000000000000000000
222200000000000000000000000000000000000000000000000
222200000000000000000000000000000000000000000000000
222200000000000000000000000000000000000000000000000
222200000000000000000000000000000000000000000000000
222200000000000000000000000000000000000000000000000
000000000000000000000000000000000000000000000000000
222200000000000000000000000000000000000000000000000
222200000000000000000000000000000000000000000000000
222200000000000000000000000000000000000000000000000
222200000000000000000000000000000000000000000000000
222200000000000000000000000000000000000000000000000
222200000000000000000000000000000000000000000000000
222200000000000000000000000000000000000000000000000
222200000000000000000000000000000000000000000000000
000000000000000000000000000000000000000000000000000