00000000000000000000000000000000000000000000000002
00111111110000000000000000000000001111111100000000
00222222220000000011111111110000002222222200000000
00333333330000001122222222221000003333333300000000
00000000000000003333333333333000000000000000000000
00100000000010000000000000000000000000000100000010
00111111111111110000000000000001111111111111110000
00200000000000220000000000000022000000000000220000
00333333333333333300000000003333333333333333330000
00000000000000000000000000000000000000000000000000
00112233113322110000000000000011223311332211000000
00112233113322111111111111111111223311332211000000
00200000000000222222222222222222200000000000220000
00333333333333333333333333333333333333333333330000
00000000000000000000000000000000000000000000000000
00001111222233330000000000000003333222211110000000
00000000000000001111000000001111000000000000000000
00000000000000000022000000220000000000000000000000
00000000000000000000033333000000000000000000000000
00000000000000000000000000000000000000000000000000
00001111110000000000000000000000000000111111000000
00002222220000000000000000000000000000222222000000
00003333330000000000000000000000000000333333000000
00000000000000000000000000000000000000000000000000
00001111222233331111111111111111333322221111000000
00000000000000001111222233332222111100000000000000
00000000000000000000000000000000000000000000000000
00001111222200000000000000000000222211110000000000
00000000000000000000000000000000000000000000000000
00111111111111111111111111111111111111111111110000
00222222222222222222222222222222222222222222220000
00333333333333333333333333333333333333333333330000
00000000000000000000000000000000000000000000000000
00001111222233331111111111111111333322221111000000
00001111222200000000000000000000222211110000000000
00000000000000000000000000000000000000000000000000
00000000000000001111111111111111000000000000000000
00000000000000000000000000000000000000000000000000
00001122331111113322110000001122331111113322110000
00001111222233331111111111111111333322221111000000
00000000000000000000000000000000000000000000000000
00111111111111111111111111111111111111111111110000
00222222222222222222222222222222222222222222220000
00333333333333333333333333333333333333333333330000
00000000000000000000000000000000000000000000000000
00001111222233331111111111111111333322221111000000
00000000000000000000000000000000000000000000000000
00111111111111111111111111111111111111111111110000
00000000000000000000000000000000000000000000000000
00003333333333333333333333333333333333333333330000