000000000000000000000000000000000000000000000000000
000000000000000000000000000000000000000000000000000
000000000000000000000000000000000000000000000000000
000000000000000000000000000000000000000000000000000
000000000000000000000000000000000000000000000000000
000000000000000000000000000000000000000000000000000
000000001111110000111111100011111100001111111000000
000000001000010000111111100010000100001111111000000
000000001000010000100000000010000100001000000000000
000000001000010000100000000010000100001000000000000
000000001000010000100000000010000100001000000000000
000000001000010000100000000010000100001000000000000
000000001000010000100000000010000100001000000000000
000000001000110000111111100010001100001111111000000
000000001111000000111111100011111000001111111000000
000000000000000000000000000000000000000000000000000
000000001000000000100000000010000000001000000000000
000000001000000000100000000010000000001000000000000
000000001000000000100000000010000000001000000000000
000000001000000000100000000010000000001000000000000
000000001000000000100000000010000000001000000000000
000000001000000000111111100010000000001111111000000
000000001000000000111111100010000000001111111000000
000000000000000000000000000000000000000000000000000
000000000000000000000000000000000000000000000000000
000000000000000000000000000000000000000000000000000
000001111111111011111111111111111111011111111111100
000001111111111011111111111111111111011111111111100
000001111111111011111111111111111111011111111111100
000001111111222022222222211111222222022222211111100
000001111111222022222222222222222222022222221111100
000000000000000000000000000000000000000000000000000
000001111111222022222222222222222222022222221111100
000001111111222022222222222222222222022222221111100
000001111111222022222222222222222222022222221111100
000001111111222022222222000000000022022222221111100
000001111111222022222222000000000022022222221111100
000001111111122022222222000000000022022222221111100
000001111111122022222222000000000022022222221111100
000001111111122022222222000000000022022222221111100
000001111111122022222222000000000022022222221111100
111111111111111011111111100101001111011111111111111
000000000000000000000000000000000000000000001111100
000000000000000000000000000000000000000000000000000
000000000000000000000000000000000000000000000000000
000000000000000000000000000000000000000000000000000
000000000000000000000000000000000000000000000000000
000000000000000000000000000000000000000000000000000
000000000000000000000000000000000000000000000000000
000000000000000000000000000000000000000000000000000