222222222222222022222222222222222222022222222222222
222222222222222022222222222222222222022222222222222
222222222222222022222222222222222222022222222222222
222222222222222022222222222222222222022222222222222
222222222222222022222222222222222222022222222222222
222222222222222022222222222222222222022222222222222
222222222222222022222222222222222222022222222222222
222222222222222022222222222222222222022222222222222
222222222222222022222222222222222222022222222222222
222222222222222022222222222222222222022222222222222
222222222222222022222222222222222222022222222222222
222222222222222022222222222222222222022222222222222
222222222222222022222222222222222222022222222222222
222222222222222022222222222222222222022222222222222
222222222222222022222222221111122222022222222222222
000000000000000000000000000000000000000000000000000
222222222222222022222222211000022222022222222222222
222222222222222022222222110000022222022222222222222
222222222222222022222221100011122222022222222222222
222222222222222022222221001112222222022222222222222
222222222222222022222221001222222222022222222222222
222222222222222022222221001222222222022222222222222
222222222222222022222221001222222222022222222222222
222222222222222022222221001222222222022222222222222
222222222222222022222221001222222222022222222222222
222222222222222022222221001222222222022222222222222
222222222222222022222221001222222222022222222222222
222222222222222022222221001222222222022222222222222
222222222222222022222221001222222222022222222222222
222222222222222022222221001222222222022222222222222
222222222222222022222221001222222222022222222222222
000000000000000000000000000000000000000000000000000
222222222222222022222221001222222222022222222222222
222222222222222022222221001222222222022222222222222
222222222222222022222221001222222222022222222222222
222222222222222022222221001222222222022222222222222
222222222222222022222221001222222222022222222222222
111111111111111011111111001111111111011111111111111
000000000000000000000000000000000000000000000000000
000000000000000000000000000000000000000000000000000
000000000000000000000000000000000000000000000000000
000000000000000000000000000000000000000000000000000
000000000000000000000000000000000000000000000000000
000000000000000000000000000000000000000000000000000
000000000000000000000000000000000000000000000000000
000000000000000000000000000000000000000000000000000
000000000000000000000000000000000000000000000000000
000000000000000000000000000000000000000000000000000
000000000000000000000000000000000000000000000000000
000000000000000000000000000000000000000000000000000